0 0 0 -> 2 2 0
0 0 0 -> 0 2 2
0 0 0 -> 0 0 1
0 0 0 -> 1 0 0
0 0 0 -> 0 1 0
0 0 0 -> 3 1 0
0 0 0 -> 0 1 3
0 0 1 -> 0 1 1
0 0 1 -> 0 2 3
0 0 1 -> 2 0 0
0 0 1 -> 1 1 0
1 0 0 -> 1 1 0
1 0 0 -> 0 1 1
1 0 0 -> 3 2 0
1 0 0 -> 0 0 2
0 1 0 -> 3 2 0
0 1 0 -> 0 2 3
0 1 1 -> 0 0 0
0 1 1 -> 2 1 0
0 1 1 -> 0 2 4
0 1 1 -> 1 2 0
1 1 0 -> 0 0 0
1 1 0 -> 0 1 2
1 1 0 -> 0 2 1
1 1 0 -> 4 2 0
1 0 1 -> 0 0 0
1 0 1 -> 0 2 1
1 0 1 -> 1 2 0
1 0 1 -> 2 1 0
1 0 1 -> 0 1 2
0 2 2 -> 1 1 0
2 2 0 -> 0 1 1
0 1 3 -> 1 0 1
0 1 3 -> 0 1 1
3 1 0 -> 1 0 1
3 1 0 -> 1 1 0
0 2 3 -> 0 0 0
3 2 0 -> 0 0 0
2 0 0 -> 0 0 0
2 0 0 -> 1 2 0
2 0 0 -> 1 0 2
0 0 2 -> 0 0 0
0 0 2 -> 0 2 1
0 0 2 -> 2 0 1
2 1 0 -> 0 0 1
2 1 0 -> 0 1 0
0 1 2 -> 1 0 0
0 1 2 -> 0 1 0
0 2 4 -> 0 0 1
4 2 0 -> 1 0 0
1 2 0 -> 0 2 2
0 2 1 -> 2 2 0
1 0 2 -> 0 1 0
1 0 2 -> 1 0 0
1 0 2 -> 0 2 2
2 0 1 -> 0 1 0
2 0 1 -> 0 0 1
2 0 1 -> 2 2 0

000/001/010/100/011/101/110/022/220/013/310/023/320/200/002/210/012/024/420/120/021/102/201